## METRICS CLASS	picard.sam.DuplicationMetrics
LIBRARY	UNPAIRED_READS_EXAMINED	READ_PAIRS_EXAMINED	SECONDARY_OR_SUPPLEMENTARY_RDS	UNMAPPED_READS	UNPAIRED_READ_DUPLICATES	READ_PAIR_DUPLICATES	READ_PAIR_OPTICAL_DUPLICATES	PERCENT_DUPLICATION	ESTIMATED_LIBRARY_SIZE
lib1	126819	410189249	2310254	518875	73650	76797776	56912579	0.187286	3019225352

## HISTOGRAM	java.lang.Double
BIN	VALUE	all_sets	optical_sets	non_optical_sets
1.0	1.150436	278928646	0	317373450
2.0	2.154726	41430904	31517337	15031263
3.0	3.031438	8904086	6820796	756402
4.0	3.796776	2583226	2053621	115944
5.0	4.464891	897697	717173	45034
6.0	5.048132	350365	273045	22966
7.0	5.557281	146711	109803	13110
8.0	6.001751	66642	46580	8194
9.0	6.389758	33022	21004	5421
10.0	6.728475	16953	9746	3718
11.0	7.024163	9424	4590	2624
12.0	7.282288	5677	2374	2097
13.0	7.507623	3771	1273	1509
14.0	7.704332	2542	697	1206
15.0	7.876053	1856	418	1009
16.0	8.025959	1336	207	785
17.0	8.156822	1060	134	688
18.0	8.27106	812	88	529
19.0	8.370787	647	56	481
20.0	8.457845	546	41	371
21.0	8.533843	452	26	297
22.0	8.600188	376	23	259
23.0	8.658104	351	14	258
24.0	8.708662	295	19	227
25.0	8.752798	217	7	171
26.0	8.791328	203	7	159
27.0	8.824962	193	6	140
28.0	8.854324	160	7	131
29.0	8.879956	130	1	120
30.0	8.902332	134	5	92
31.0	8.921866	137	5	109
32.0	8.938918	112	5	88
33.0	8.953803	98	1	92
34.0	8.966798	94	3	72
35.0	8.978142	88	2	80
36.0	8.988045	90	4	83
37.0	8.99669	64	1	61
38.0	9.004237	59	2	62
39.0	9.010825	64	2	56
40.0	9.016576	62	4	55
41.0	9.021596	55	2	53
42.0	9.025979	53	1	51
43.0	9.029805	56	0	51
44.0	9.033145	64	1	58
45.0	9.03606	45	1	40
46.0	9.038606	43	3	37
47.0	9.040828	28	1	25
48.0	9.042767	35	1	39
49.0	9.044461	42	1	34
50.0	9.045939	34	0	32
51.0	9.047229	34	1	35
52.0	9.048356	42	1	31
53.0	9.049339	32	1	30
54.0	9.050197	33	0	31
55.0	9.050947	24	0	26
56.0	9.051601	31	0	29
57.0	9.052172	27	1	27
58.0	9.052671	35	3	31
59.0	9.053106	29	1	24
60.0	9.053486	26	1	17
61.0	9.053817	24	0	25
62.0	9.054107	26	0	25
63.0	9.05436	24	2	20
64.0	9.05458	19	1	21
65.0	9.054773	24	0	15
66.0	9.054941	26	0	24
67.0	9.055088	20	1	17
68.0	9.055216	21	0	15
69.0	9.055328	24	1	23
70.0	9.055425	14	0	15
71.0	9.055511	10	0	7
72.0	9.055585	12	0	16
73.0	9.05565	6	1	6
74.0	9.055707	16	0	14
75.0	9.055756	14	0	14
76.0	9.0558	18	0	18
77.0	9.055837	18	1	15
78.0	9.05587	19	0	17
79.0	9.055899	9	0	12
80.0	9.055924	18	1	15
81.0	9.055946	14	1	16
82.0	9.055965	13	0	14
83.0	9.055982	14	0	13
84.0	9.055996	13	0	14
85.0	9.056009	12	0	13
86.0	9.05602	13	0	13
87.0	9.05603	10	1	8
88.0	9.056038	8	1	8
89.0	9.056046	16	1	15
90.0	9.056052	11	0	11
91.0	9.056058	6	0	5
92.0	9.056063	15	0	15
93.0	9.056067	7	1	7
94.0	9.056071	4	0	4
95.0	9.056074	4	0	4
96.0	9.056077	8	1	6
97.0	9.056079	11	0	10
98.0	9.056082	7	0	6
99.0	9.056083	8	1	6
100.0	9.056085	8	0	9
101.0	0	14	1	12
102.0	0	10	0	9
103.0	0	4	0	4
104.0	0	4	1	4
105.0	0	10	0	10
106.0	0	11	0	8
107.0	0	7	0	6
108.0	0	8	1	7
109.0	0	4	0	4
110.0	0	14	0	13
111.0	0	6	0	5
112.0	0	8	0	10
113.0	0	5	0	5
114.0	0	4	0	5
115.0	0	6	0	5
116.0	0	6	0	5
117.0	0	3	0	3
118.0	0	4	0	5
119.0	0	6	0	5
120.0	0	3	0	2
121.0	0	3	0	3
122.0	0	7	0	6
123.0	0	7	0	7
124.0	0	4	0	4
125.0	0	2	0	2
126.0	0	8	0	8
127.0	0	6	0	8
128.0	0	8	0	7
129.0	0	5	0	4
130.0	0	6	0	7
131.0	0	3	0	3
132.0	0	4	0	3
133.0	0	4	0	4
134.0	0	5	0	6
135.0	0	4	0	3
136.0	0	5	0	5
137.0	0	3	0	3
138.0	0	6	0	6
139.0	0	4	0	4
140.0	0	7	0	7
141.0	0	3	0	3
142.0	0	6	0	6
143.0	0	7	0	8
144.0	0	3	0	3
145.0	0	3	0	3
146.0	0	2	0	3
147.0	0	5	1	5
148.0	0	3	0	2
149.0	0	3	0	3
150.0	0	2	0	2
151.0	0	2	0	2
152.0	0	3	0	4
153.0	0	2	0	1
154.0	0	1	0	1
155.0	0	6	0	6
156.0	0	4	0	5
157.0	0	8	0	8
158.0	0	3	0	2
159.0	0	3	0	3
160.0	0	1	0	1
161.0	0	4	0	4
162.0	0	3	0	3
163.0	0	6	0	6
164.0	0	2	0	2
165.0	0	2	0	3
166.0	0	4	0	3
167.0	0	4	0	3
168.0	0	2	0	4
169.0	0	9	0	7
170.0	0	1	0	1
171.0	0	1	0	2
172.0	0	2	0	1
173.0	0	3	0	3
174.0	0	2	0	3
175.0	0	3	0	2
177.0	0	3	0	3
179.0	0	2	0	2
180.0	0	3	0	3
181.0	0	1	0	2
182.0	0	3	0	2
183.0	0	3	0	3
184.0	0	6	0	6
185.0	0	2	0	2
186.0	0	2	0	3
187.0	0	3	0	2
188.0	0	4	0	5
189.0	0	2	0	1
190.0	0	2	0	3
191.0	0	5	0	4
192.0	0	2	0	2
193.0	0	1	0	1
194.0	0	4	0	4
196.0	0	2	0	2
197.0	0	3	0	3
198.0	0	1	0	2
199.0	0	2	0	1
200.0	0	3	0	3
201.0	0	1	0	1
202.0	0	2	0	2
203.0	0	5	0	5
204.0	0	2	0	2
205.0	0	1	0	1
206.0	0	1	0	1
208.0	0	3	0	3
210.0	0	2	0	2
211.0	0	3	0	3
212.0	0	2	0	2
214.0	0	4	0	4
215.0	0	2	0	2
217.0	0	1	0	1
219.0	0	2	0	2
220.0	0	1	0	1
221.0	0	3	0	3
222.0	0	1	0	1
224.0	0	1	0	1
225.0	0	1	0	1
226.0	0	2	0	3
227.0	0	1	1	1
228.0	0	3	0	2
229.0	0	1	0	1
230.0	0	2	0	2
231.0	0	1	0	1
232.0	0	1	0	1
236.0	0	0	0	1
237.0	0	3	0	2
238.0	0	2	0	2
239.0	0	1	0	1
240.0	0	0	0	1
241.0	0	1	0	0
242.0	0	2	0	2
243.0	0	4	0	4
244.0	0	1	0	1
245.0	0	2	0	2
247.0	0	1	0	1
248.0	0	2	0	2
249.0	0	1	0	1
250.0	0	0	0	1
251.0	0	2	0	2
252.0	0	1	0	0
253.0	0	1	0	1
254.0	0	2	0	2
257.0	0	1	0	1
258.0	0	1	0	1
259.0	0	1	0	1
262.0	0	0	0	1
263.0	0	1	0	1
264.0	0	3	0	3
265.0	0	2	0	1
266.0	0	2	0	2
267.0	0	3	0	3
268.0	0	2	0	2
269.0	0	1	0	1
270.0	0	2	0	2
271.0	0	1	0	1
272.0	0	1	0	1
273.0	0	1	0	1
274.0	0	4	0	4
275.0	0	1	0	1
276.0	0	0	0	1
277.0	0	3	0	2
279.0	0	3	0	3
282.0	0	1	0	2
283.0	0	2	0	3
284.0	0	3	0	1
285.0	0	2	0	2
287.0	0	1	0	1
288.0	0	1	0	1
290.0	0	1	0	1
292.0	0	1	0	1
294.0	0	1	0	1
295.0	0	2	0	2
296.0	0	1	0	1
299.0	0	1	0	1
300.0	0	1	0	1
302.0	0	2	0	2
304.0	0	3	0	3
305.0	0	2	0	2
306.0	0	1	0	1
311.0	0	1	0	1
312.0	0	1	0	1
315.0	0	1	0	1
316.0	0	1	0	1
317.0	0	2	0	2
318.0	0	1	0	2
319.0	0	2	0	1
320.0	0	2	0	2
325.0	0	1	0	1
326.0	0	1	0	1
328.0	0	1	0	1
329.0	0	1	0	1
330.0	0	1	0	1
331.0	0	1	0	1
332.0	0	1	0	1
336.0	0	2	0	2
340.0	0	1	0	1
342.0	0	1	0	1
344.0	0	1	0	1
345.0	0	1	0	1
346.0	0	1	0	1
348.0	0	1	0	1
352.0	0	0	0	1
353.0	0	1	0	0
357.0	0	1	0	1
358.0	0	1	0	1
359.0	0	2	0	2
360.0	0	0	0	1
361.0	0	1	0	0
364.0	0	3	0	3
365.0	0	1	0	1
374.0	0	1	0	1
376.0	0	2	0	2
377.0	0	1	0	2
378.0	0	0	0	1
379.0	0	2	0	0
381.0	0	0	0	2
382.0	0	2	0	0
386.0	0	1	0	1
388.0	0	1	0	1
390.0	0	0	0	1
392.0	0	2	0	1
399.0	0	1	0	1
401.0	0	1	0	1
403.0	0	1	0	1
407.0	0	1	0	1
409.0	0	1	0	1
410.0	0	1	0	1
411.0	0	1	0	1
413.0	0	0	0	1
415.0	0	1	0	0
422.0	0	1	0	1
426.0	0	1	0	1
427.0	0	1	0	1
431.0	0	1	0	1
435.0	0	1	0	1
438.0	0	1	0	1
443.0	0	1	1	1
445.0	0	1	0	1
446.0	0	1	0	1
447.0	0	1	0	1
449.0	0	0	0	1
450.0	0	1	0	1
451.0	0	1	0	1
452.0	0	1	0	0
454.0	0	0	0	1
455.0	0	1	0	1
456.0	0	1	0	0
462.0	0	1	0	1
465.0	0	1	0	1
467.0	0	0	0	1
468.0	0	1	0	1
469.0	0	3	0	2
472.0	0	1	0	1
478.0	0	1	0	1
485.0	0	0	0	1
486.0	0	2	0	1
489.0	0	1	0	1
490.0	0	1	0	1
491.0	0	1	0	1
494.0	0	1	0	1
495.0	0	1	0	1
499.0	0	1	0	1
500.0	0	1	0	2
501.0	0	1	0	0
508.0	0	2	0	2
509.0	0	0	0	1
513.0	0	1	0	0
514.0	0	1	0	1
516.0	0	1	0	1
520.0	0	1	0	1
522.0	0	0	0	1
523.0	0	1	0	1
524.0	0	1	0	0
527.0	0	3	0	3
532.0	0	1	0	1
541.0	0	2	0	2
545.0	0	1	0	1
547.0	0	0	0	1
548.0	0	1	0	1
549.0	0	1	0	0
552.0	0	1	0	1
553.0	0	0	0	1
554.0	0	2	0	1
562.0	0	1	0	1
563.0	0	1	0	1
569.0	0	3	0	3
573.0	0	0	0	1
574.0	0	1	0	0
590.0	0	2	0	2
592.0	0	1	0	1
593.0	0	0	0	1
594.0	0	2	0	1
598.0	0	3	0	3
603.0	0	1	0	1
604.0	0	1	0	1
606.0	0	0	0	1
607.0	0	2	0	1
611.0	0	0	0	1
612.0	0	1	0	0
613.0	0	2	0	2
616.0	0	1	0	1
632.0	0	0	0	1
634.0	0	1	0	0
635.0	0	0	0	1
636.0	0	1	0	0
638.0	0	1	1	1
639.0	0	1	0	1
656.0	0	1	0	1
657.0	0	1	0	1
676.0	0	1	0	1
678.0	0	0	0	1
679.0	0	1	0	0
680.0	0	1	0	1
687.0	0	1	0	1
689.0	0	1	0	1
698.0	0	1	0	1
699.0	0	0	0	1
700.0	0	2	0	1
702.0	0	2	0	2
719.0	0	1	0	1
724.0	0	1	0	1
732.0	0	1	0	1
743.0	0	1	0	1
748.0	0	0	0	1
751.0	0	1	0	0
760.0	0	1	0	1
764.0	0	1	0	1
822.0	0	1	0	1
823.0	0	1	0	1
828.0	0	1	0	1
832.0	0	0	0	2
833.0	0	1	0	0
834.0	0	1	0	0
854.0	0	1	0	1
864.0	0	1	0	1
883.0	0	1	0	2
884.0	0	1	0	0
889.0	0	1	0	1
924.0	0	1	0	1
944.0	0	0	0	1
946.0	0	0	0	1
947.0	0	1	0	0
948.0	0	1	0	0
988.0	0	1	0	1
989.0	0	0	0	1
990.0	0	1	0	0
1032.0	0	1	0	2
1035.0	0	1	0	0
1051.0	0	1	0	1
1063.0	0	1	0	1
1086.0	0	0	0	1
1087.0	0	0	0	1
1088.0	0	1	0	0
1091.0	0	1	0	0
1099.0	0	0	0	1
1101.0	0	1	0	0
1102.0	0	1	0	1
1133.0	0	1	0	1
1144.0	0	1	0	1
1151.0	0	0	0	1
1152.0	0	1	0	0
1157.0	0	0	0	1
1161.0	0	1	0	0
1182.0	0	0	0	1
1184.0	0	1	0	0
1196.0	0	1	0	1
1198.0	0	0	0	1
1201.0	0	1	0	0
1251.0	0	0	0	1
1253.0	0	1	0	0
1263.0	0	0	0	1
1268.0	0	1	0	0
1271.0	0	1	0	1
1292.0	0	1	0	1
1293.0	0	0	0	1
1295.0	0	1	0	0
1309.0	0	0	0	1
1311.0	0	1	0	0
1327.0	0	0	0	1
1330.0	0	1	0	0
1354.0	0	0	0	1
1359.0	0	1	0	0
1369.0	0	0	0	1
1370.0	0	1	0	0
1373.0	0	0	0	1
1374.0	0	1	0	0
1376.0	0	0	0	1
1377.0	0	1	0	1
1380.0	0	1	0	0
1381.0	0	0	0	1
1384.0	0	1	0	0
1406.0	0	0	0	1
1408.0	0	0	0	1
1412.0	0	2	0	0
1427.0	0	1	0	1
1439.0	0	0	0	1
1441.0	0	1	0	0
1481.0	0	0	0	1
1483.0	0	1	0	0
1491.0	0	0	0	1
1493.0	0	1	0	1
1494.0	0	1	0	0
1528.0	0	0	0	1
1532.0	0	1	0	0
1534.0	0	0	0	1
1535.0	0	0	0	1
1537.0	0	1	0	0
1538.0	0	1	0	0
1561.0	0	0	0	1
1563.0	0	1	0	0
1604.0	0	0	0	1
1608.0	0	1	0	0
1625.0	0	0	0	1
1629.0	0	0	0	1
1630.0	0	0	0	1
1631.0	0	2	0	0
1633.0	0	1	0	0
1642.0	0	0	0	1
1644.0	0	1	0	0
1659.0	0	0	0	1
1663.0	0	1	0	0
1693.0	0	0	0	1
1694.0	0	1	0	0
1723.0	0	0	0	1
1726.0	0	1	0	0
1749.0	0	0	0	1
1750.0	0	1	0	0
1762.0	0	1	0	1
1821.0	0	0	0	1
1823.0	0	1	0	0
1834.0	0	0	0	1
1836.0	0	1	0	0
1876.0	0	0	0	1
1881.0	0	1	0	0
1885.0	0	0	0	1
1887.0	0	1	0	0
1896.0	0	0	0	1
1898.0	0	1	0	0
1914.0	0	0	0	1
1920.0	0	1	0	0
1944.0	0	0	0	1
1945.0	0	1	0	0
1967.0	0	0	0	1
1974.0	0	1	0	0
2102.0	0	0	0	1
2107.0	0	1	0	0
2145.0	0	0	0	1
2152.0	0	1	0	0
2191.0	0	0	0	1
2193.0	0	1	0	0
2253.0	0	0	0	1
2255.0	0	1	0	0
2295.0	0	0	0	1
2298.0	0	1	0	0
2336.0	0	0	0	1
2338.0	0	1	0	0
2430.0	0	0	0	1
2433.0	0	1	0	0
2534.0	0	0	0	1
2540.0	0	1	0	0
2593.0	0	0	0	1
2598.0	0	1	0	0
2707.0	0	1	0	1
2710.0	0	1	0	1
2763.0	0	0	0	1
2764.0	0	1	0	0
2766.0	0	1	0	1
2783.0	0	0	0	1
2785.0	0	1	0	0
2820.0	0	0	0	1
2823.0	0	1	0	0
3150.0	0	0	0	1
3154.0	0	1	0	0
3226.0	0	0	0	1
3229.0	0	1	0	0
3279.0	0	1	0	1
3447.0	0	0	0	1
3455.0	0	1	0	0
3489.0	0	0	0	1
3493.0	0	1	0	0
4021.0	0	0	0	1
4023.0	0	1	0	0
4126.0	0	0	0	1
4128.0	0	1	0	0
4173.0	0	0	0	1
4175.0	0	1	0	0
4989.0	0	0	0	1
4994.0	0	1	0	0
5145.0	0	0	0	1
5147.0	0	1	0	0
5335.0	0	1	0	1
6105.0	0	0	0	1
6106.0	0	1	0	0
6301.0	0	0	0	1
6314.0	0	1	0	0
6639.0	0	0	0	1
6658.0	0	1	0	0
7147.0	0	0	0	1
7150.0	0	1	0	0
7763.0	0	0	0	1
7780.0	0	1	0	0
7804.0	0	0	0	1
7814.0	0	1	0	0
8290.0	0	0	0	1
8301.0	0	1	0	0
9180.0	0	0	0	1
9192.0	0	1	0	0
10013.0	0	0	0	1
10030.0	0	1	0	0
11701.0	0	0	0	1
11713.0	0	1	0	0
12113.0	0	0	0	1
12133.0	0	1	0	0
12545.0	0	0	0	1
12563.0	0	0	0	1
12565.0	0	1	0	0
12586.0	0	1	0	0
12770.0	0	0	0	1
12800.0	0	1	0	0
12901.0	0	0	0	1
12922.0	0	1	0	0
13010.0	0	0	0	1
13033.0	0	1	0	0
13402.0	0	0	0	1
13421.0	0	1	0	0
13472.0	0	0	0	1
13496.0	0	1	0	0
13596.0	0	0	0	1
13615.0	0	1	0	0
14265.0	0	0	0	1
14283.0	0	1	0	0
14493.0	0	0	0	1
14512.0	0	1	0	0
14740.0	0	0	0	1
14775.0	0	1	0	0
15355.0	0	0	0	1
15376.0	0	1	0	0
16350.0	0	0	0	1
16375.0	0	1	0	0
16524.0	0	0	0	1
16550.0	0	1	0	0
17236.0	0	0	0	1
17272.0	0	1	0	0
18999.0	0	0	0	1
19044.0	0	1	0	0
19337.0	0	0	0	1
19349.0	0	1	0	0
19493.0	0	0	0	1
19538.0	0	1	0	0
24313.0	0	0	0	1
24375.0	0	1	0	0
26571.0	0	0	0	1
26587.0	0	1	0	0
26779.0	0	0	0	1
26859.0	0	1	0	0
29770.0	0	0	0	1
29873.0	0	1	0	0
34639.0	0	0	0	1
34731.0	0	1	0	0
35473.0	0	0	0	1
35561.0	0	1	0	0
45497.0	0	0	0	1
45643.0	0	1	0	0
72669.0	0	0	0	1
72895.0	0	1	0	0
109323.0	0	0	0	1
109765.0	0	1	0	0
143336.0	0	0	0	1
143973.0	0	1	0	0
337189.0	0	1	0	1
606835.0	0	1	0	1
